R1:  [0.9716312056737588, 0.9945652173913043, 0.8838174273858921, 0.963855421686747, 0.921161825726141, 0.8427672955974843, 0.9591078066914498, 0.9453924914675768, 0.9136363636363637, 0.9260869565217391, 0.9396551724137931]
R1:  [0.9639344262295082, 0.9973958333333334, 0.9295774647887324, 0.9555555555555556, 0.9227642276422764, 0.9596412556053812, 0.9641693811074918, 0.9573770491803278, 0.9351145038167938, 0.946360153256705, 0.9553916403231472]
R1:  [0.9787234042553191, 0.9974160206718347, 0.9446366782006921, 0.9515570934256056, 0.9103448275862069, 0.9575289575289575, 0.9871382636655949, 0.95625, 0.9523809523809523, 0.950354609929078, 0.9603829646748102]
R1:  [0.9850299401197605, 0.9948051948051948, 0.9553264604810997, 0.9738562091503268, 0.9411764705882353, 0.9767441860465116, 0.9813084112149533, 0.9682539682539683, 0.9624060150375939, 0.968421052631579, 0.9718032786885246]
R1:  [0.9851632047477745, 1.0, 0.9694915254237289, 0.9901639344262295, 0.9347079037800687, 0.9694656488549618, 0.9845201238390093, 0.9727272727272728, 0.9787985865724381, 0.9523809523809523, 0.9748792270531401]
R1:  [0.9852507374631269, 1.0, 0.9632107023411371, 0.9810725552050473, 0.9551724137931035, 0.9732824427480916, 0.987460815047022, 0.9661538461538461, 0.9725085910652921, 0.9602649006622517, 0.9754307594128909]
R1:  [0.9881305637982196, 1.0, 0.9651898734177216, 0.9727272727272728, 0.9663299663299664, 0.9809885931558935, 0.9908536585365854, 0.9512195121951219, 0.9763513513513513, 0.9706840390879479, 0.9768097774992165]
R1:  [0.9853372434017595, 1.0, 0.9717868338557993, 0.9751552795031055, 0.9632107023411371, 0.9784172661870504, 0.990909090909091, 0.9610778443113772, 0.9795918367346939, 0.9707792207792207, 0.9782270606531882]
R1:  [0.9854651162790697, 1.0, 0.9779874213836478, 0.9686520376175548, 0.9672131147540983, 0.9818840579710145, 0.9879518072289156, 0.9698795180722891, 0.9865771812080537, 0.970873786407767, 0.9801427241700279]
R1:  [0.9883040935672515, 1.0, 0.9779179810725552, 0.9723076923076923, 0.9707792207792207, 0.9748201438848921, 0.9878787878787879, 0.9611940298507463, 0.9737704918032787, 0.9682539682539683, 0.9781134401972873]
Percentages of correctly identified digits for each k-vector basis
base size      |   0   |   1   |   2   |   3   |   4   |   5   |   6   |   7   |   8   |   9   |   total
1|True positifs|0.96393|0.99740|0.92958|0.95556|0.92276|0.95964|0.96417|0.95738|0.93511|0.94636|0.95539
1|Rejected     |0.11850|0.02538|0.18857|0.24370|0.28070|0.29430|0.10756|0.16438|0.23392|0.25000|0.18750
2|True positifs|0.97872|0.99742|0.94464|0.95156|0.91034|0.95753|0.98714|0.95625|0.95238|0.95035|0.96038
2|Rejected     |0.04913|0.01777|0.17429|0.19048|0.15205|0.18038|0.09593|0.12329|0.20175|0.18966|0.13556
3|True positifs|0.98503|0.99481|0.95533|0.97386|0.94118|0.97674|0.98131|0.96825|0.96241|0.96842|0.97180
3|Rejected     |0.03468|0.02284|0.16857|0.14286|0.15497|0.18354|0.06686|0.13699|0.22222|0.18103|0.12957
4|True positifs|0.98516|1.00000|0.96949|0.99016|0.93471|0.96947|0.98452|0.97273|0.97880|0.95238|0.97488
4|Rejected     |0.02601|0.02284|0.15714|0.14566|0.14912|0.17089|0.06105|0.09589|0.17251|0.15517|0.11387
5|True positifs|0.98525|1.00000|0.96321|0.98107|0.95517|0.97328|0.98746|0.96615|0.97251|0.96026|0.97543
5|Rejected     |0.02023|0.01015|0.14571|0.11204|0.15205|0.17089|0.07267|0.10959|0.14912|0.13218|0.10559
6|True positifs|0.98813|1.00000|0.96519|0.97273|0.96633|0.98099|0.99085|0.95122|0.97635|0.97068|0.97681
6|Rejected     |0.02601|0.01269|0.09714|0.07563|0.13158|0.16772|0.04651|0.10137|0.13450|0.11782|0.08933
7|True positifs|0.98534|1.00000|0.97179|0.97516|0.96321|0.97842|0.99091|0.96108|0.97959|0.97078|0.97823
7|Rejected     |0.01445|0.01015|0.08857|0.09804|0.12573|0.12025|0.04070|0.08493|0.14035|0.11494|0.08248
8|True positifs|0.98547|1.00000|0.97799|0.96865|0.96721|0.98188|0.98795|0.96988|0.98658|0.97087|0.98014
8|Rejected     |0.00578|0.01015|0.09143|0.10644|0.10819|0.12658|0.03488|0.09041|0.12865|0.11207|0.08019
9|True positifs|0.98830|1.00000|0.97792|0.97231|0.97078|0.97482|0.98788|0.96119|0.97377|0.96825|0.97811
9|Rejected     |0.01156|0.01269|0.09429|0.08964|0.09942|0.12025|0.04070|0.08219|0.10819|0.09483|0.07420
