* Algo 1 norme 2 50 tests
[0.8823606082548879, 0.9648096446700509, 0.7724463519313306, 0.8173967809657106, 0.8393992673992676, 0.7030403800475059, 0.8787499999999995, 0.8566004112405757, 0.7578901098901103, 0.7951293103448278, 0.8298357612110823]
* Algo 1 norme 3 50 tests
[0.9018971759594495, 0.8865736040609136, 0.8456795422031472, 0.8077536738978304, 0.824893772893773, 0.8066033254156771, 0.8797965116279063, 0.8209184372858119, 0.8223589743589743, 0.7993247126436781, 0.8402970579834332]
* Algo 2 seuil 1 30 tests
[0.9888245232923001, 0.9921319796954317, 0.9453505007153076, 0.9482621880102632, 0.9709157509157509, 0.9433623647400371, 0.9794331395348841, 0.9485263879369435, 0.9387301587301589, 0.9441810344827586, 0.9604303532324098]
* Alog 2 seuil 0.99 30 tests
True positives : [0.9901306657042942, 0.9927373211450867, 0.9509909877759313, 0.9547353879059755, 0.974330411230587, 0.9526264451722661, 0.9812882336008021, 0.9551254998073215, 0.9481974978745271, 0.9518324089675669, 0.9656656106351762]
Rejected : [0.0022206130823075065, 0.0011632825719120133, 0.010968049594659034, 0.01576860275250758, 0.00783882783882784, 0.01852731591448931, 0.004481589147286821, 0.013890792780443228, 0.017167277167277166, 0.01329022988505747, 0.010370846424831]
* Algo 2 seuil 0.95 30 tests
True positives : [0.9945996041378647, 0.9959969479311328, 0.9666803560757526, 0.977321975761421, 0.9877210294397581, 0.9793499192938759, 0.9888450876516104, 0.9753176132711031, 0.9747725351516544, 0.9737260117084788, 0.9818050435168298]
Rejected : [0.012358194545015688, 0.006810490693739425, 0.05116833571769194, 0.07648705388383487, 0.04144078144078144, 0.09902348904724198, 0.02497577519379845, 0.06705506054375142, 0.09201465201465205, 0.06496647509578544, 0.052734932876321056]
 
